0.319961   1.577628   0.780144
0.337184   1.674938   0.826908
0.455886   2.089721   0.402304
-1.162741  1.397031   2.321012
-1.374558  2.018864   2.270265
-1.388664  2.007565   2.259215
-0.957410  2.012750   2.328846
-0.944587  2.024743   2.353377
-1.270203  1.951724   2.355859
1.020353   -0.086542  0.219745
-2.309442  1.730308   0.463961
-2.103819  4.427786   0.317243
-1.961749  3.143042   1.745187
-0.992868  1.188161   2.297869
0.445777   1.931802   0.674137
-1.159100  1.912743   2.397090
-2.266680  2.313926   0.116284